sudoku sample input





Input in straight line.....
306508400520000000087000031003010080900863005050090600130000250000000074005206300



0 3 0 0 0 0 6 5 0 0 5 6 0 4 0 7 0 0 4 2 0 0 0 0 3 8 0 0 6 0 0 0 4 8 0 0 0 0 9 0 2 0 0 7 0 1 0 0 8 0 0 2 0 6 0 0 5 7 0 0 0 0 1 0 0 0 2 0 0 0 3 0 0 0 7 0 5 6 0 2 0                                  time(algorithm1)=0.000132         time(algorithm2)=0.000173


input 2

0 0 0 2 6 0 7 0 1 6 8 0 0 7 0 0 9 0 1 9 0 0 0 4 5 0 0 8 2 0 1 0 0 0 4 0 0 0 4 6 0 2 9 0 0 0 5 0 0 0 3 0 2 8 0 0 9 3 0 0 0 7 4 0 4 0 0 5 0 0 3 6 7 0 3 0 1 8 0 0 0                                  time=0.000101 sec                   time=0.000101

input 3

1 0 0 4 8 9 0 0 6 7 3 0 0 0 0 0 4 0 0 0 0 0 0 1 2 9 5 0 0 7 1 2 0 6 0 0 5 0 0 7 0 3 0 0 8 0 0 6 0 9 5 7 0 0 9 1 4 6 0 0 0 0 0 0 2 0 0 0 0 0 3 7 8 0 0 5 1 2 0 0 4                                  time=0.000111 sec                   time=0.000095

input 3

0 2 0 0 0 0 0 0 0 0 0 0 6 0 0 0 0 3 0 7 4 0 8 0 0 0 0 0 0 0 0 0 3 0 0 2 0 8 0 0 4 0 0 1 0 6 0 0 5 0 0 0 0 0 0 0 0 0 1 0 7 8 0 5 0 0 0 0 9 0 0 0 0 0 0 0 0 0 0 4 0                                  time=----                            time=0.040859

input 4

2 5 7 0 6 0 0 0 4 0 0 3 0 0 0 0 0 0 0 1 0 0 9 4 0 3 2 0 0 0 2 8 0 0 0 0 5 0 0 0 0 0 0 0 6 0 0 0 0 3 1 0 0 0 1 6 0 8 5 0 0 2 0 0 0 0 0 0 0 1 0 0 3 0 0 0 1 0 6 9 5                                   time=------                         time=0.00698

input 5

8 0 0 0 0 0 0 0 0 0 0 3 6 0 0 0 0 0 0 7 0 0 9 0 2 0 0 0 5 0 0 0 7 0 0 0 0 0 0 0 4 5 7 0 0 0 0 0 1 0 0 0 3 0 0 0 1 0 0 0 0 6 8 0 0 8 5 0 0 0 1 0 0 9 0 0 0 0 4 0 0                                  time= -----                           time=0.027053